1.658985 4.285136
-3.453687 3.424321
4.838138 -1.151539
-5.379713 -3.362104
0.972564 2.924086
-3.567919 1.531611
0.450614 -3.302219
-3.487105 -1.724432
2.668759 -1.594842
-3.156485 3.191137
3.165506 -3.999838
-2.786837 -3.099354
4.208187 2.984927
-2.123337 2.943366
-0.392370 -3.963704
-0.790153 3.343144
2.943496 -3.357075
-3.195883 -2.283926
2.336445 2.875106
-1.786345 2.554248
2.190101 -1.906020
-3.403367 -2.778288
1.778124 3.880832
-1.688346 2.230267
2.592976 -2.05436
-4.007257 -3.207066
2.257734 3.387564
-2.679011 0.785119
0.939512 -4.023563
-3.674424 -2.261084
2.046259 2.735279
2.38364 2.19715
3.13232 3.12166
3.6588 2.9458
3.20038 3.7558
1.95258 3.11585
1.70320 2.855
3.5185 2.9584
3.2458 3.1158
2.7698 3.0655
2.2722 1.75118
1.65788 2.34858
3.6548 2.66791
3.17769 2.9588
2.0455 1.9254
1.9988 -3.0355
3.3815 -3.1798
3.928 -2.7666
2.608 -2.336
2.365 -3.699
1.4988 -3.0355
3.2815 -3.1798
2.228 -2.7666
3.208 -2.336
2.265 -3.699
1.9988 -3.6355
3.3815 -3.1798
3.928 -2.27666
2.608 -2.1336
2.365 -3.1699
1.4988 -3.50355
3.2815 -3.61798
2.228 -2.17666
3.208 -2.1336
2.265 -3.2699
-2.81177 2.355
-2.2219 1.60252
-2.8344 1.60252
-2.33534 2.02372
-1.92697 2.9644
-2.7664 1.7511
-2.31177 2.355
-2.1219 1.60252
-2.2344 1.60252
-2.73534 2.0237
-1.12697 2.9644
-2.3664 1.7511
-4.055 -2.211
-3.877 -2.822
-3.515 -2.544
-3.100 -2.888
-2.24488 -2.43607
-3.477 -2.622
-3.315 -2.644
-3.200 -2.688
-2.44488 -2.63607
-3.877 -2.422
-3.515 -2.444
-3.100 -2.488
-2.24488 -2.53607
-3.477 -2.722
-3.315 -2.3644
-3.200 -2.3688
-2.4448 -2.263607
-3.1515 -2.544
-3.4100 -2.888
-2.1244 -2.43607
-3.8477 -2.622
-3.1315 -2.644
-3.8200 -2.688
